1111111111110111111111111
1111111111110111111111111
1111111111110111111111111
1111122211110111122211111
1111122211110111122211111
1111122211110111122211111
1111123111110111123111111
1111111111110111111111111
1111111111110111111111111
1111111111110111111111111
1111111111110111111111111
1111111111110111111111111
0000000000000000000000000
1111111111110111111111111
1111111111110111111111111
1111111111110111111111111
1111111111110111111111111
1111111111110111111111111
1111111111110111122211111
1111222111110111122211111
1111222111110111122211111
1111222111110111123111111
1111231111110111111111111
1111111111110111111111111
1111111111110111111111111