1111111111111111111111111111111111111111111111111011111111111111111111111111111111111111132222222222
1111111111111111111111111111111111111111111111111011111111111111111111111111111111111111111111111111
1111111111111111111111111111111111111111111111111011111111111111111111111111111111111111111111111111
1111111111111111111111111111111111111111111111111011111111111111111111111111111111111111111111111111
1111111111111111111111111111111111111111111111111011111111111111111111111111111111111111111111111111
1111111111111111111211211311111111111111111111111011111111111111111111111111111111111111111111111111
1111111111111111111221111111111111111111111111111011111111111111111111111111111111111111111111111111
1111111111111111111121111211111111111111111111111011111111111111111111111111111111111111111111111111
1111111111111111112111211111111111111111111111111011111111111111111111111111111111111111111111111111
1111111111111111111111122111111111111111111111111011111111111111111111111122221111111111111111111111
1111111111111111111111111111111111111111111111111011111111111111111111111112221111111111111111111111
1111111111111111111111111111111111111111111111111011111111111111111111111111221111111111111111111111
1111111111111111111111111111111111111111111111111011111111111111111111111111121111111111111111111111
1111111111111111111111111111111111111111111111111011111111111111111111111111131111111111111111111111
1111111111111111111111111111111111111111111111111011111111111111111111111111111111111111111111111111
1111111111111111111111111111111111111111111111111011111111111111111111111111111111111111111111111111
1111111111111111111111111111111111111111111111111011111111111111111111111111111111111111111111111111
1111111111111111111111111111111111111111111111111011111111111111111111111111111111111111111111111111
1111111111111111111111111111222211111111111111111011111111111111111111111111111111111111111111111111
1111111111111111111111111111221231111111111111111011111111111111111111111111111111111111111111111111
1111111111111111111111111111222211111111111111111011111111111111111111111111111111111111111111111111
1111111111111111111111111111111111111111111111111011111111111111111111111111111111111111111111111111
1111111111111111111111111111111111111111111111111011111111111111111111111111111111111111111111111111
1111111111111111111111111111111111111111111111111011111111111111111111111111111111111111111111111111
1111111111111111111111111111111111111111111111111011111111111111111111111111111111111111111111111111
1111111111111111111111111111111111111111111111111011111111111111111111111111111111111111111111111111
1111111111111111111111111111111111111111111111111111111111111111111111111111111111111111111111111111
1111111111111111111111111111111111111111111111111011111111111111111111111111111111111111111111111111
1111111111111111111111111111111111111111111111111011111111111111111111111111111111111111111111111111
1111111111111111111111111111111111111111111111111011111111111111111111111111111111111111111111111111
1111111111111111111111111111111111111111111111111011111111111111111111111111111111111111111111111111
1111111111111111111111111111111111111111111111111011111111111111111111111111111111111111111111111111
1111111111111111111111111111111111111111111111111011111111111111111111111111111111111111111111111111
1111111111111111111111111111111111111111111111111011111111111111111111111111111111111111111111111111
1111111111111111111111111111111111111111111111111011111111111111111111111111111111111111111111111111
1111111111111111111111111111111111111111111111111011111111111111111111111111111111111111111111111111
1111111111111111111111111111111111111111111111111011111111111111111111111111111111111111111111111111
1111111111111111111111111111111111111111111111111011111111111111111111111111111111111111111111111111
1111111111111111111111111111111111111111111111111011111111111111111111111111111111111111111111111111
1111111111111111111111111111111111111111111111111111111111111111111111111111111111111111111111111111
1111111111111111111111111111111111111111111111111111111111111111111111111111111111111111111111111111
1111111111111111111111111111111111111111111111111111111111111111111111111111111111111111111111111111
1111111111111111111111111111111111111111111111111111111111111111111111111111111111111111111111111111
1111111111111111111111111111111111111111111111111111111111111111111111111111111111111111111111111111
1111111111111111111111111111111111111111111111111111111111111111111111111111111111111111111111111111
1111111111111111111111111111111111111111111111111111111111111111111111111111111111111111111111111111
1111111111111111111111111111111111111111111111111111111111111111111111111111111111111111111111111111
1111111111111111111111111111111111111111111111111111111111111111111111111111111111111111111111111111
1111111111111111111111111111111111111111111111111111111111111111111111111111111111111111111111111111
1111111111111111111111111111111111111111111111111111111111111111111111111111111111111111111111111111
0000000000000000000001111111111111111111111111111111111111111111111111111111000000000000000000000000
1111111111111111111111111111111111111111111111111111111111111111111111111111111111111111111111111111
1111111111111111111111111111111111111111111111111111111111111111111111111111111111111111111111111111
1111111111111111111111111111111111111111111111111111111111111111111111111111111111111111111111111111
1111111111111111111111111111111111111111111111111111111111111111111111111111111111111111111111111111
1111111111111111111111111111111111111111111111111111111111111111111111111111111111111111111111111111
1111111111111111111111111111111111111111111111111111111111111111111111111111111111111111111111111111
1111111111111111111111111111111111111111111111111111111111111111111111111111111111111111111111111111
1111111111111111111111111111111111111111111111111111111111111111111111111111111111111111111111111111
1111111111111111111111111111111111111111111111111111111111131111111111111111111111111111111111111111
1111111111111111111111111111111111111111111111111011111112222211111111111111111111111111111111111111
1111111111111111111111111111111111111111111111111011111112222211111111111111111111111111111111111111
1111111111111111111111111111111111111111111111111011111111111111111111111111111111111111111111111111
1111111111111111111111111111111111111111111111111011111111111111111111111111111111111111111111111111
1111111111111111111111111111111111111111111111111011111111111111111111111111111111111111111111111111
1111111111111111111111111111111111111111111111111011111111111111111111111111111111111111111111111111
1111111111111111111111111111111111111111111111111011111111111111111111111111111111111111111111111111
1111111111111111111111111111111111111111111111111011111111111111111111111111111111111111111111111111
1111111111111111111111111111111111111111111111111011111111111111111111111111111111111111111111111111
1111111111111111111111111111111111111111111111111011111111111111111111111111111111111111111111111111
1111111111111111111111111111111111111111111111111011111111111111111111111111111111111111111111111111
1111111111111111111111111111111111111111111111111011111111111111111111111111111111111111111111111111
1111111111111111111111111111111111111111111111111011111111111111111111111111111111111111111111111111
1111111111111111111111111111111111111111111111111011111111111111111111111111111111111111111111111111
1111111111111111112222222222111111111111111111111011111111111111111111111111111111111111111111111111
1111111111111111111111311111111111111111111111111011111111111111111111111111111111111111111111111111
1111111111111111111111111111111111111111111111111011111111111111111111111111111111111111111111111111
1111111111111111111111111111111111111111111111111111111111111111111111111111111111111111111111111111
1111111111111111111111111111111111111111111111111011111111111111111111111111111111111111111111111111
1111111111111111111111111111111111111111111111111011111111111111111111111111111111111111111111111111
1111111111111111111111111111111111111111111111111011111111111111111111111111111111111111111111111111
1111111111111111111111111111111111111111111111111011111111111111111111111111111111111111111111111111
1111111111111111111111111111111111111111111111111011111111111111111111111111111111111111111111111111
1111111111111111111111111111111111111111111111111011111111111111111111111111111111111111111111111111
1111111111111111111111111111111111111111111111111011111111111111111111111111111111111111111111111111
1111111111111111111111111111111111111111111111111011111111111111111111111111111111111111111111111111
1111111111111111111111111111111111111111111111111011111111111111111111111111111111111111111111111111
1111111111111111111111111111111111111111111111111011111111111111111311111111111111111111111111111111
1111111111111111111111111111111111111111111111111011111111111111111211111111111111111111111111111111
1111111111111111111111111111111111111111111111111011111111111111111211111111111111111111111111111111
1111111111111111111111111111111111111111111111111011111111111111112221111111111111111111111111111111
1111111111111111111111111111111111111111111111111011111111111111122222111111111111111111111111111111
1111111111111111111111111111111111111111111111111011111111111111111111111111111111111111111111111111
1111111111111111111311111111111111111111111111111011111111111111111111111111111111111111111111111111
1111111111111111121112111111111111111111111111111011111111111111111111111111111111111111111111111111
1111111111111111112121111111111111111111111111111011111111111111111111111111111111111111111111111111
1111111111111111111211111111111111111111111111111011111111111111111111111111111111111111111111111111
1111111111111111112121111111111111111111111111111011111111111111111111111111111111111111111111111111
1111111111111111121112111111111111111111111111111011111111111111111111111111111111111111111111111111
1111111111111111111211111111111111111111111111111011111111111111111111111111111111111111111111111111